[gd_scene format=3 uid="uid://c1dcyfblgw2p8"]

[ext_resource type="Environment" uid="uid://dybgim7p06ncg" path="res://Levels/BrightWorld.tres" id="1_h67fv"]
[ext_resource type="PackedScene" uid="uid://vwr8ajoufse8" path="res://Controller/Player.tscn" id="2_an732"]
[ext_resource type="Material" uid="uid://vfepbnpjqttv" path="res://Materials/floor_mat.tres" id="6_21pdv"]
[ext_resource type="Material" uid="uid://cjlwcktdcfrx3" path="res://Materials/lava.tres" id="6_yl4ba"]
[ext_resource type="Material" uid="uid://668hs77no82y" path="res://Materials/chain_mat.tres" id="7_yl4ba"]
[ext_resource type="PackedScene" uid="uid://dhluwkciea0xw" path="res://3D Models/aperture.tscn" id="10_soygv"]
[ext_resource type="PackedScene" uid="uid://d3ub7yjvivvj4" path="res://3D Models/cage.glb" id="11_et7jy"]
[ext_resource type="PackedScene" uid="uid://bdofnuwap3ec5" path="res://3D Models/lava_bucket.tscn" id="11_kct1s"]
[ext_resource type="PackedScene" uid="uid://dqix73f5083ic" path="res://3D Models/fence.glb" id="12_mdsp7"]
[ext_resource type="PackedScene" uid="uid://by545d6tu0ty4" path="res://Levels/Portal.tscn" id="16_8nj4d"]
[ext_resource type="FontFile" uid="uid://ij353qf6fdpf" path="res://UserInterface/Font/Staatliches-Regular.ttf" id="17_gwhgg"]
[ext_resource type="PackedScene" uid="uid://b2kf8udngpfy4" path="res://3D Models/i_beam.tscn" id="17_yl4ba"]
[ext_resource type="PackedScene" uid="uid://c0gih1qbcmwlg" path="res://3D Models/pile of junk.glb" id="18_bgsoj"]
[ext_resource type="PackedScene" uid="uid://cl0uc54qts74t" path="res://3D Models/pumpkin.glb" id="21_7nsw4"]
[ext_resource type="PackedScene" uid="uid://b5vo62m0c8l7e" path="res://3D Models/flagstone.glb" id="22_mghn2"]

[sub_resource type="BoxShape3D" id="BoxShape3D_bgb4g"]
size = Vector3(9.090698, 1.0411377, 3.1934814)

[sub_resource type="BoxShape3D" id="BoxShape3D_bgsoj"]
size = Vector3(1, 4.088867, 0.001)

[node name="TestLevel" type="Node3D" unique_id=1847457263]

[node name="DirectionalLight3D" type="DirectionalLight3D" parent="." unique_id=2124879743]
transform = Transform3D(-0.866025, -0.433013, 0.25, 0, 0.5, 0.866025, -0.5, 0.75, -0.433013, 0, 0, 0)
light_color = Color(1, 0.39166665, 0.26999998, 1)
shadow_enabled = true
directional_shadow_blend_splits = true

[node name="WorldEnvironment" type="WorldEnvironment" parent="." unique_id=21085633]
environment = ExtResource("1_h67fv")

[node name="Player" parent="." unique_id=299780362 instance=ExtResource("2_an732")]
transform = Transform3D(1.31134e-07, 0, -1, 0, 1, 0, 1, 0, 1.31134e-07, -28.59639, 1, 7.3068447)

[node name="Portal" parent="." unique_id=46978812 instance=ExtResource("16_8nj4d")]
transform = Transform3D(-1, 0, 8.74228e-08, 0, 1, 0, -8.74228e-08, 0, -1, 18.207514, 1.4999981, 35.80174)
next_level = "res://Levels/DebugLevel.tscn"

[node name="PortalLabel" type="Label3D" parent="Portal" unique_id=1860900282]
transform = Transform3D(1, 0, 0, 0, 1, 0, 0, 0, 1, 0, 1.65833, 1.61009)
pixel_size = 0.008
text = "Debug Room"
font = ExtResource("17_gwhgg")
font_size = 96
outline_size = 24

[node name="AudioStreamPlayer" type="AudioStreamPlayer" parent="." unique_id=1483243813]
volume_db = 5.0
autoplay = true
bus = &"SFX"

[node name="Pickups" type="Node3D" parent="." unique_id=1424379692]
transform = Transform3D(1, 0, 0, 0, 1, 0, 0, 0, 1, 0, 0, 0.6909523)

[node name="LAVA FIELD" type="CSGBox3D" parent="." unique_id=886667822]
transform = Transform3D(1, 0, 0, 0, 1, 0, 0, 0, 1, 12.511581, -11.335011, 6.661256)
material_override = ExtResource("6_yl4ba")
size = Vector3(77.14905, 4.78125, 73.09448)
material = ExtResource("6_yl4ba")

[node name="Floor" type="CSGBox3D" parent="." unique_id=1153082]
transform = Transform3D(1, 0, 0, 0, 1, 0, 0, 0, 1, 0.8696747, -17.906902, -0.27636623)
material_override = ExtResource("6_21pdv")
use_collision = true
size = Vector3(76.71945, 35.86914, 79.567566)
material = ExtResource("6_21pdv")

[node name="CSGCylinder3D" type="CSGCylinder3D" parent="Floor" unique_id=804520601]
transform = Transform3D(1, 0, 0, 0, 1, 0, 0, 0, 1, 0, 8.436371, 0)
material_override = ExtResource("7_yl4ba")
operation = 2
radius = 26.571777
height = 19.070496
sides = 16

[node name="FirstCeiling" type="CSGBox3D" parent="." unique_id=1217832829]
transform = Transform3D(1, 0, 0, 0, 1, 0, 0, 0, 1, 0.8651581, 10.725553, -0.2804289)
material_override = ExtResource("6_21pdv")
use_collision = true
size = Vector3(76.71945, 10.229492, 79.567566)
material = ExtResource("6_21pdv")

[node name="CSGCylinder3D" type="CSGCylinder3D" parent="FirstCeiling" unique_id=208616724]
transform = Transform3D(1, 0, 0, 0, 1, 0, 0, 0, 1, 0, 8.224597, 0)
operation = 2
radius = 26.571777
height = 27.404198
sides = 16

[node name="MegaCeiling" type="CSGBox3D" parent="." unique_id=1401927199]
transform = Transform3D(2.017819, 0, 0, 0, -0.99999994, -1.7503137e-07, 0, 8.742277e-08, -2.0021255, 1.3122604, 64.71012, 3.739705)
material_override = ExtResource("6_21pdv")
use_collision = true
size = Vector3(76.71945, 35.86914, 79.567566)

[node name="CSGCylinder3D" type="CSGCylinder3D" parent="MegaCeiling" unique_id=592993428]
transform = Transform3D(1, 0, 0, 0, 1, 0, 0, 0, 1, 0, -7.9388275, -3.2186508e-06)
operation = 2
radius = 26.571777
height = 59.62973
sides = 16

[node name="CSGCylinder3D2" type="CSGCylinder3D" parent="MegaCeiling" unique_id=1092169538]
transform = Transform3D(1, 0, 0, 0, 1, 0, 0, 0, 1, 0, -7.9388275, -3.2186508e-06)
operation = 2
radius = 37.868
height = 59.62973
sides = 16
cone = true

[node name="Aperture" parent="MegaCeiling" unique_id=587458973 instance=ExtResource("10_soygv")]
transform = Transform3D(1.0000001, 0, 0, 0, -1.0000001, 1.7503142e-07, 0, -4.3664986e-08, -1.0000001, -0.86967474, 15.7741585, 8.015108)

[node name="Environment NWiz" type="Node3D" parent="." unique_id=1097892514]
transform = Transform3D(1, 0, 0, 0, 1, 0, 0, 0, 1, 0, 0, -8.291472)

[node name="Pumpkin" parent="Environment NWiz" unique_id=565032480 instance=ExtResource("21_7nsw4")]
transform = Transform3D(1, 0, 0, 0, 1, 0, 0, 0, 1, -29.794182, 2.3841858e-07, 13.285111)

[node name="OmniLight3D4" type="OmniLight3D" parent="Environment NWiz/Pumpkin" unique_id=1892491325]
transform = Transform3D(1, 0, 0, 0, 1, 0, 0, 0, 1, -2.5157852, 2.0365577, -4.982907)
light_color = Color(0.9985574, 0.5594355, 0.3961114, 1)
light_energy = 31.14
light_indirect_energy = 1.835
shadow_enabled = true

[node name="OmniLight3D5" type="OmniLight3D" parent="Environment NWiz/Pumpkin" unique_id=1347928683]
transform = Transform3D(1, 0, 0, 0, 1, 0, 0, 0, 1, -3.6238518, 2.0365577, -4.982907)
light_color = Color(0.9985574, 0.5594355, 0.3961114, 1)
light_energy = 31.14
light_indirect_energy = 1.835

[node name="OmniLight3D6" type="OmniLight3D" parent="Environment NWiz/Pumpkin" unique_id=1421721032]
transform = Transform3D(1, 0, 0, 0, 1, 0, 0, 0, 1, -5.3614693, 2.0365577, 1.4011316)
light_color = Color(0.2350139, 0.79044634, 0.75885993, 1)
light_energy = 31.14
light_indirect_energy = 1.835
shadow_enabled = true

[node name="Flagstone" parent="Environment NWiz" unique_id=553716419 instance=ExtResource("22_mghn2")]
transform = Transform3D(1, 0, 0, 0, 1, 0, 0, 0, 1, -31.336794, 0.19484134, 13.747773)

[node name="StaticBody3D" type="StaticBody3D" parent="Environment NWiz" unique_id=704091430]
transform = Transform3D(-0.16721615, 0, 0.98592025, 0, 1, 0, -0.98592025, 0, -0.16721615, -23.529814, 0.15266812, 12.89179)

[node name="CollisionShape3D" type="CollisionShape3D" parent="Environment NWiz/StaticBody3D" unique_id=617454305]
transform = Transform3D(1, 0, 0, 0, 1, 0, 0, 0, 1, -0.108460665, -0.6526704, -0.8998432)
shape = SubResource("BoxShape3D_bgb4g")

[node name="Cage" parent="Environment NWiz" unique_id=101483208 instance=ExtResource("11_et7jy")]
transform = Transform3D(-0.16721615, 0, 0.98592025, 0, 1, 0, -0.98592025, 0, -0.16721615, -23.529814, 0.15266812, 12.89179)

[node name="LavaBucket" parent="Environment NWiz/Cage" unique_id=18428301 instance=ExtResource("11_kct1s")]
transform = Transform3D(-0.16721615, 0, -0.98592025, 0, 1, 0, 0.98592025, 0, -0.16721615, -0.87145185, 0.375, -0.61624527)

[node name="Cage2" parent="Environment NWiz" unique_id=1379996162 instance=ExtResource("11_et7jy")]
transform = Transform3D(-0.16721615, 0, 0.98592025, 0, 1, 0, -0.98592025, 0, -0.16721615, -23.108742, 0.15266788, 15.151658)

[node name="LavaBucket" parent="Environment NWiz/Cage2" unique_id=15708733 instance=ExtResource("11_kct1s")]
transform = Transform3D(-0.16721615, 0, -0.98592025, 0, 1, 0, 0.98592025, 0, -0.16721615, -0.87145185, 0.375, -0.61624527)

[node name="Cage3" parent="Environment NWiz" unique_id=649729955 instance=ExtResource("11_et7jy")]
transform = Transform3D(-0.16721615, 0, 0.98592025, 0, 1, 0, -0.98592025, 0, -0.16721615, -23.996525, 0.15266764, 10.685197)

[node name="LavaBucket" parent="Environment NWiz/Cage3" unique_id=1643779543 instance=ExtResource("11_kct1s")]
transform = Transform3D(-0.16721615, 0, -0.98592025, 0, 1, 0, 0.98592025, 0, -0.16721615, -0.87145185, 0.375, -0.61624527)

[node name="Cage4" parent="Environment NWiz" unique_id=516089600 instance=ExtResource("11_et7jy")]
transform = Transform3D(-0.16721615, 0, 0.98592025, 0, 1, 0, -0.98592025, 0, -0.16721615, -24.523071, 0.15266812, 8.437651)

[node name="LavaBucket" parent="Environment NWiz/Cage4" unique_id=2111675055 instance=ExtResource("11_kct1s")]
transform = Transform3D(-0.16721615, 0, -0.98592025, 0, 1, 0, 0.98592025, 0, -0.16721615, -0.87145185, 0.375, -0.61624527)

[node name="fence" parent="Environment NWiz" unique_id=1572298366 instance=ExtResource("12_mdsp7")]
transform = Transform3D(-0.23768592, 0, -0.9713421, 0, 1, 0, 0.9713421, 0, -0.23768592, -25.56943, 0.02766642, 7.27459)

[node name="fence4" parent="Environment NWiz/fence" unique_id=1855577340 instance=ExtResource("12_mdsp7")]
transform = Transform3D(0.99389553, 0, 0.11032407, 0, 1, 0, -0.11032407, 0, 0.99389553, -4.7098894, -0.0354079, 0.2480011)

[node name="fence5" parent="Environment NWiz/fence" unique_id=1296367871 instance=ExtResource("12_mdsp7")]
transform = Transform3D(0.9996729, 0, -0.025566325, 0, 1, 0, 0.025566325, 0, 0.9996729, -6.2430825, 0, 0.42715645)

[node name="fence6" parent="Environment NWiz/fence" unique_id=824979565 instance=ExtResource("12_mdsp7")]
transform = Transform3D(0.9704936, 0, 0.24112572, 0, 1, 0, -0.24112572, 0, 0.9704936, -7.9669356, 0, 0.33707237)

[node name="fence2" parent="Environment NWiz/fence" unique_id=83295472 instance=ExtResource("12_mdsp7")]
transform = Transform3D(0.9432806, 0, 0.33199644, 0, 1, 0, -0.33199644, 0, 0.9432806, 1.3955388, 0, -0.5955696)

[node name="fence3" parent="Environment NWiz/fence" unique_id=2038878817 instance=ExtResource("12_mdsp7")]
transform = Transform3D(0.9432806, 0, 0.33199644, 0, 1, 0, -0.33199644, 0, 0.9432806, 10.90317, 4.7683716e-07, -4.9810047)

[node name="Bridge" parent="." unique_id=249201878 instance=ExtResource("17_yl4ba")]
transform = Transform3D(0.8355618, 0, 0.9790133, 0, 1, 0, -4.013955, 0, 0.20379554, -25.927313, -0.7591194, -4.2536955)

[node name="I-Beam2" parent="Bridge" unique_id=1795898043 instance=ExtResource("17_yl4ba")]
transform = Transform3D(0.24390244, 0, 2.2351742e-08, 0, 1, 0, -7.4505806e-08, 0, 0.9999999, 0.2589553, 0.7466872, 0.030864716)

[node name="I-Beam3" parent="Bridge" unique_id=618182256 instance=ExtResource("17_yl4ba")]
transform = Transform3D(0.24390244, 0, 1.8626451e-08, 0, 1, 0, -7.4505806e-08, 0, 0.9999999, -0.2637347, 0.7466872, -0.003835678)

[node name="BridgeJumpBlocker" type="StaticBody3D" parent="Bridge" unique_id=1305000255]
transform = Transform3D(1, 0, 0, 0, 1, 0, 0, 0, 0.99999994, 0.06814599, 0.24382758, 1.3422031)

[node name="CollisionShape3D" type="CollisionShape3D" parent="Bridge/BridgeJumpBlocker" unique_id=1408435597]
transform = Transform3D(1, 0, -8.940697e-08, 0, 1, 0, 0, 0, 0.9999986, -0.0036221147, 1.5444336, 1.4964771)
shape = SubResource("BoxShape3D_bgsoj")

[node name="pile of junk" parent="." unique_id=1898804167 instance=ExtResource("18_bgsoj")]
transform = Transform3D(2.615, 0, 0, 0, 2.615, 0, 0, 0, 2.615, -31.38052, 0.29053354, 9.279573)

[node name="pile of junk2" parent="pile of junk" unique_id=561556334 instance=ExtResource("18_bgsoj")]
transform = Transform3D(-0.72532636, 0, -0.68840516, 0, 1, 0, 0.68840516, 0, -0.72532636, 0.6809387, 0, 2.4418705)

[node name="pile of junk3" parent="pile of junk/pile of junk2" unique_id=1246510175 instance=ExtResource("18_bgsoj")]
transform = Transform3D(-0.25783288, 0, 2.1856096, 0, 2.2007647, 0, -2.1856096, 0, -0.25783288, 0, 0, 4.7683716e-07)

[node name="pile of junk3" parent="pile of junk" unique_id=1451090865 instance=ExtResource("18_bgsoj")]
transform = Transform3D(-0.61639017, 0, 0.7874409, 0, 1, 0, -0.7874409, 0, -0.61639017, -0.7633257, -1.7881393e-07, -8.326402)

[node name="pile of junk2" parent="pile of junk/pile of junk3" unique_id=1405321376 instance=ExtResource("18_bgsoj")]
transform = Transform3D(-0.72532636, 0, -0.68840516, 0, 1, 0, 0.68840516, 0, -0.72532636, 0.6809387, 0, 2.4418705)

[node name="pile of junk3" parent="pile of junk/pile of junk3/pile of junk2" unique_id=356113358 instance=ExtResource("18_bgsoj")]
transform = Transform3D(-0.25783288, 0, 2.1856096, 0, 2.2007647, 0, -2.1856096, 0, -0.25783288, 0, 0, 4.7683716e-07)

[node name="pile of junk4" parent="pile of junk/pile of junk3/pile of junk2" unique_id=1453317483 instance=ExtResource("18_bgsoj")]
transform = Transform3D(-0.25783288, 0, 2.1856096, 0, 2.2007647, 0, -2.1856096, 0, -0.25783288, -4.4417324, -8.940697e-08, 3.1625907)

[node name="pile of junk5" parent="pile of junk/pile of junk3/pile of junk2" unique_id=209162298 instance=ExtResource("18_bgsoj")]
transform = Transform3D(0.2002381, 0, -0.8386578, 0, 2.200765, 0, 2.6500952, 0, 0.06336804, -0.8892622, -0.2917975, 3.8967218)
